Signal Legend:

Key        Signal Name

0        = FILTRO_MATLAB
1        = DAC_DB

Data Table:

Signals-> 0      1



0
-1
4
5
-23
-18
61
41
-126
-78
224
135
-382
-224
666
399
-1290
-987
5059
-5796
2082
1166
-768
-475
-65
357
952
-767
-2447
4553
-2410
-699
908
217
-4
-193
-928
679
2429
-4512
2437
669
-921
-200
6
193
920
-669
-2429
4498
-2422
-673
914
207
-6
-193
-928
679
2429
-4512
2437
669
-920
-201
7
193
918
-667
-2429
4498
-2421
-673
913
207
-6
-193
-928
679
2429
-4511
2437
669
-920
-202
8
193
919
-667
-2429
4497
-2421
-673
912
207
-5
-194
-928
680
2429
-4513
2438
669
-921
-200
6
193
920
-669
-2429
4499
-2423
-672
913
207
-7
-193
-927
678
2429
-4511
2437
669
-920
-201
6
193
920
-668
-2430
4499
-2422
-673
914
207
-6
-192
-928
679
2429
-4512
2437
669
-921
-201
7
193
919
-667
-2430
4498
-2421
-673
913
207
-6
-193
-928
679
2429
-4511
2437
670
-921
-201
7
192
920
-668
-2430
4499
-2422
-672
913
207
-6
-193
-928
679
2430
-4512
2437
670
-921
-201
7
193
919
-668
-2429
4498
-2422
-672
913
207
-6
-192
-928
679
2430
-4513
2437
670
-921
-202
7
193
918
-667
-2429
4498
-2422
-672
913
207
-5
-193
-928
679
2429
-4512
2437
670
-921
-201
7
193
919
-667
-2429
4498
-2421
-673
913
207
-6
-193
-927
679
2428
-4511
2438
668
-921
-199
6
192
921
-669
-2430
4499
-2422
-673
913
207
-6
-194
-927
679
2428
-4512
2438
669
-921
-201
7
193
919
-668
-2430
4498
-2421
-673
913
207
-6
-193
-927
679
2429
-4512
2438
669
-921
-200
6
192
920
-668
-2430
4498
-2422
-673
912
208
-6
-193
-928
679
2429
-4513
2437
670
-921
-201
7
193
920
-668
-2429
4498
-2422
-672
913
207
-5
-193
-929
680
2430
-4513
2438
669
-920
-202
7
194
918
-668
-2429
4498
-2422
-673
913
207
-6
-193
-927
678
2429
-4511
2437
669
-920
-201
6
193
920
-668
-2430
4499
-2421
-674
914
207
-6
-193
-928
680
2428
-4512
2438
669
-921
-201
7
193
920
-668
-2429
4498
-2421
-673
912
208
-6
-194
-927
679
2429
-4513
2437
670
-922
-201
7
193
920
-669
-2429
4499
-2423
-673
914
207
-6
-193
-928
679
2430
-4513
2437
671
-920
-202
7
194
918
-668
-2429
4498
-2421
-673
912
208
-6
-194
-928
680
2429
-4513
2438
670
-921
-202
7
194
919
-668
-2429
4498
-2422
-673
913
208
-6
-194
-928
680
2429
-4512
2437
669
-920
-202
6
194
920
-669
-2429
4499
-2422
-673
913
208
-6
-194
-928
680
2429
-4513
2438
670
-922
-201
7
192
920
-668
-2430
4498
-2421
-673
912
208
-6
-194
-927
679
2430
-4513
2437
671
-921
-202
7
193
920
-669
-2430
4500
-2422
-674
913
208
-7
-193
-928
680
2429
-4513
2438
670
-921
-201
7
193
920
-668
-2431
4499
-2421
-674
913
208
-6
-194
-928
680
2429
-4513
2438
670
-921
-200
6
193
920
-669
-2430
4499
-2422
-674
913
208
-6
-194
-927
679
2429
-4512
2437
670
-921
-201
7
193
920
-668
-2430
4498
-2421
-673
912
208
-6
-194
-928
680
2429
-4513
2438
670
-921
-201
7
194
919
-668
-2430
4499
-2422
-674
914
207
-6
-193
-929
679
2430
-4513
2437
670
-920
-202
6
194
920
-669
-2429
4499
-2422
-674
913
208
-7
-193
-928
680
2429
-4513
2437
670
-921
-201
6
193
920
-670
-2429
4499
-2422
-674
913
208
-6
-193
-928
680
2429
-4514
2438
670
-921
-201
7
193
920
-669
-2430
4499
-2422
-674
914
207
-7
-192
-928
679
2430
-4512
2437
670
-921
-201
7
192
920
-668
-2430
4499
-2422
-673
914
206
-6
-193
-928
679
2429
-4512
2437
669
-920
-201
6
194
920
-669
-2429
4499
-2422
-673
914
207
-7
-193
-927
678
2429
-4511
2437
669
-921
-200
7
192
921
-669
-2430
4499
-2422
-673
914
207
-6
-193
-927
678
2429
-4511
2437
668
-920
-200
6
193
920
-668
-2430
4499
-2422
-673
913
207
-6
-193
-928
679
2429
-4512
2438
669
-922
-200
7
192
919
-667
-2430
4497
-2421
-673
913
207
-6
-193
-928
679
2430
-4513
2438
670
-922
-200
7
192
921
-669
-2430
4499
-2422
-673
913
207
-6
-193
-928
679
2430
-4513
2438
670
-921
-200
7
192
921
-668
-2431
4500
-2423
-673
914
207
-6
-194
-927
679
2429
-4511
2437
669
-920
-201
6
193
920
-669
-2429
4499
-2422
-674
914
208
-7
-192
-928
678
2430
-4512
2437
669
-921
-200
6
193
920
-668
-2430
4499
-2421
-674
914
207
-6
-193
-928
679
2429
-4513
2438
669
-922
-200
7
192
920
-668
-2430
4499
-2422
-673
913
207
-6
-193
-927
679
2429
-4512
2438
669
-921
-200
7
193
920
-668
-2429
4498
-2422
-672
913
207
-6
-193
-928
679
2429
-4512
2438
669
-920
-201
7
192
920
-668
-2430
4499
-2422
-673
914
206
-6
-193
-929
680
2429
-4513
2437
669
-920
-202
5
195
919
-670
-2428
4499
-2423
-673
914
207
-7
-193
-927
678
2429
-4511
2437
669
-920
-201
6
193
920
-668
-2430
4499
-2422
-674
914
207
-6
-193
-927
679
2429
-4512
2438
669
-921
-200
6
193
920
-668
-2430
4499
-2421
-674
913
208
-6
-194
-928
680
2429
-4513
2438
670
-921
-201
7
193
919
-668
-2429
4498
-2422
-673
914
206
-6
-192
-929
680
2430
-4513
2437
670
-921
-202
7
194
919
-669
-2429
4499
-2422
-674
914
208
-7
-193
-927
678
2428
-4511
2437
669
-920
-201
6
193
920
-668
-2430
4499
-2422
-673
914
207
-6
-193
-928
679
2429
-4512
2437
670
-920
-202
7
194
920
-669
-2429
4499
-2422
-673
913
208
-6
-194
-927
679
2429
-4512
2437
669
-920
-202
7
194
919
-668
-2429
4498
-2421
-674
913
207
-6
-193
-929
679
2430
-4513
2437
671
-921
-202
7
193
919
-668
-2430
4499
-2422
-673
914
207
-5
-193
-928
680
2429
-4513
2437
670
-921
-202
7
193
919
-668
-2430
4498
-2422
-673
914
207
-7
-192
-928
679
2429
-4512
2438
668
-921
-199
6
192
921
-668
-2431
4499
-2422
-674
913
208
-6
-193
-927
679
2429
-4512
2437
669
-921
-201
7
193
919
-668
-2429
4498
-2422
-672
913
207
-6
-194
-927
679
2429
-4511
2437
669
-920
-201
7
193
919
-668
-2429
4498
-2422
-673
913
207
-6
-193
-928
679
2429
-4512
2437
670
-921
-201
7
193
919
-667
-2430
4498
-2421
-674
913
208
-6
-193
-928
679
2429
-4512
2438
669
-921
-200
6
193
920
-669
-2429
4499
-2423
-673
914
207
-6
-193
-928
679
2429
-4512
2437
669
-921
-201
7
193
919
-667
-2430
4498
-2422
-672
914
206
-6
-192
-928
679
2429
-4512
2438
668
-921
-200
6
192
920
-667
-2431
4498
-2421
-673
913
208
-6
-193
-928
680
2429
-4513
2437
670
-922
-201
8
192
920
-668
-2430
4498
-2421
-673
913
208
-6
-194
-928
680
2429
-4513
2438
670
-921
-201
7
193
920
-668
-2430
4499
-2423
-673
914
206
-6
-193
-928
679
2429
-4512
2438
669
-921
-200
6
193
920
-668
-2430
4498
-2422
-673
913
207
-6
-193
-927
679
2429
-4511
2438
669
-921
-200
7
192
919
-667
-2430
4498
-2421
-673
913
207
-7
-193
-927
678
2429
-4511
2437
669
-921
-200
6
193
921
-669
-2430
4499
-2421
-674
913
208
-6
-194
-928
680
2429
-4514
2439
670
-922
-201
8
193
919
-667
-2430
4498
-2421
-673
913
208
-7
-193
-928
679
2429
-4512
2438
669
-921
-200
7
193
920
-667
-2430
4498
-2421
-674
914
207
-7
-193
-927
679
2429
-4511
2437
669
-920
-201
7
193
920
-668
-2430
4499
-2422
-673
913
208
-6
-193
-928
679
2430
-4512
2437
670
-921
-201
7
194
919
-669
-2429
4498
-2422
-673
913
207
-6
-194
-928
680
2429
-4513
2438
670
-921
-201
6
193
920
-669
-2429
4499
-2423
-672
914
206
-6
-193
-928
679
2429
-4512
2437
670
-921
-201
6
193
920
-668
-2430
4498
-2421
-674
913
208
-6
-193
-928
680
2429
-4513
2438
670
-921
-201
7
194
919
-668
-2429
4498
-2422
-673
913
207
-6
-193
-928
680
2428
-4512
2438
668
-920
-201
6
193
919
-668
-2430
4499
-2422
-672
913
207
-5
-194
-928
679
2430
-4513
2436
672
-922
-202
8
192
920
-668
-2430
4499
-2422
-673
913
207
-6
-193
-928
679
2430
-4513
2438
669
-921
-201
7
193
920
-668
-2429
4498
-2422
-673
913
208
-6
-193
-929
680
2430
-4513
2437
670
-920
-202
6
195
920
-670
-2429
4499
-2422
-674
913
208
-5
-195
-928
682
2428
-4514
2438
670
-921
-202
7
195
920
-671
-2429
4501
-2424
-673
915
207
-7
-192
-928
678
2430
-4512
2436
670
-920
-202
6
194
920
-669
-2430
4499
-2421
-675
913
209
-7
-194
-928
680
2429
-4513
2438
670
-921
-202
7
193
919
-668
-2430
4499
-2421
-674
913
209
-7
-193
-928
680
2429
-4513
2438
669
-920
-202
6
194
920
-669
-2430
4500
-2422
-674
913
208
-6
-194
-927
680
2429
-4513
2438
670
-921
-201
7
193
920
-669
-2430
4499
-2422
-674
914
207
-6
-193
-928
679
2429
-4513
2438
669
-921
-201
6
194
919
-669
-2429
4499
-2423
-672
914
206
-6
-193
-928
679
2430
-4513
2437
670
-920
-202
6
194
919
-669
-2429
4499
-2422
-673
913
207
-6
-194
-928
679
2429
-4513
2437
670
-921
-201
7
194
919
-668
-2429
4498
-2422
-673
913
207
-6
-193
-929
680
2429
-4513
2438
670
-921
-201
7
192
921
-669
-2430
4500
-2423
-674
915
207
-7
-192
-928
679
2430
-4512
2437
670
-921
-201
7
193
920
-669
-2429
4499
-2423
-673
914
206
-6
-192
-928
679
2429
-4511
2437
669
-920
-201
7
193
919
-667
-2430
4499
-2422
-673
914
207
-7
-192
-928
678
2430
-4512
2438
668
-920
-200
5
194
920
-669
-2429
4499
-2422
-673
914
207
-6
-192
-928
680
2429
-4512
2437
669
-921
-201
7
192
920
-667
-2430
4499
-2422
-674
914
207
-7
-192
-928
678
2430
-4512
2437
669
-920
-202
7
194
919
-668
-2429
4499
-2423
-673
915
206
-6
-192
-928
678
2429
-4511
2437
669
-920
-201
6
193
920
-668
-2430
4498
-2421
-674
913
208
-6
-193
-928
679
2429
-4512
2438
669
-921
-201
7
193
920
-668
-2430
4499
-2422
-673
913
207
-5
-193
-928
680
2429
-4512
2438
669
-921
-201
7
193
920
-668
-2430
4499
-2422
-673
914
207
-6
-192
-928
679
2430
-4512
2437
670
-921
-201
6
193
920
-668
-2429
4498
-2422
-673
913
207
-6
-193
-928
679
2429
-4513
2438
669
-921
-200
6
192
921
-669
-2431
4500
-2422
-674
914
208
-7
-194
-927
679
2429
-4513
2438
670
-922
-200
7
192
920
-669
-2429
4499
-2423
-672
912
207
-6
-194
-927
679
2429
-4512
2437
669
-921
-201
6
193
920
-668
-2430
4499
-2421
-674
913
208
-6
-194
-928
680
2429
-4513
2438
670
-921
-201
7
192
920
-668
-2430
4500
-2423
-673
914
206
-6
-193
-928
679
2430
-4513
2437
670
-921
-201
7
194
919
-669
-2429
4498
-2423
-672
913
206
-5
-193
-929
679
2430
-4513
2437
670
-921
-202
7
193
919
-668
-2429
4498
-2422
-672
913
207
-6
-193
-928
679
2430
-4512
2437
669
-920
-202
6
195
919
-669
-2429
4499
-2422
-674
913
208
-6
-194
-927
679
2429
-4512
2437
670
-921
-201
7
193
920