0
0
0
0
0
0
0
0
0
0
0
0
0
0
0
0
0
0
0
0
0
0
0
0
0
0
0
0
0
0
0
0
0
0
0
0
0
0
0
0
0
0
0
0
0
0
0
0
0
0
0
0
0
0
0
0
0
0
0
0
0
0
0
0
0
0
0
0
0
0
0
0
0
0
0
0
0
1
-3
4
-2
-3
14
-35
68
-115
176
-247
324
-401
469
-521
-1826
2080
-3216
-2679
1062
-162
-1270
-457
-375
-4452
-2073
1984
2363
2957
445
185
-2672
-1297
-1520
-2865
3445
-1055
1750
-2266
-2046
4689
-737
-304
-3215
-2451
2341
219
2005
3266
-815
1432
2146
-839
2141
-3552
-655
3942
-3230
3359
3904
-853
-3833
-3325
1094
-2559
-1118
459
-356
3398
-277
1432
4328
886
-3470
-3886
1516
1963
1526
68
-1769
-2976
-883
4455
2619
-2978
624
4636
71
-3028
-2663
-781
3362
458
-2101
-223
2477
-2780
1047
2895
1070
2350
1219
-2417
-3704
-1306
-2485
135
-2730
