0
0
0
0
0
0
0
0
0
0
0
0
0
0
0
0
0
0
0
0
0
0
0
0
0
0
0
0
0
0
0
0
0
0
0
0
0
1
0
0
0
0
0
0
0
0
0
0
0
0
0
0
0
0
0
0
0
0
0
0
0
0
0
0
0
0
0
0
0
0
0
0
0
0
-4356
4828
-6869
-4022
1169
356
-2856
-421
-1009
-7926
-3954
3695
4397
5197
1236
-304
-4024
-3467
-1529
-6611
7688
-3228
4346
-5076
-3079
8171
-1141
-601
-5953
-4395
4204
445
3688
5935
-1430
2593
3889
-1371
3611
-6044
-1816
7959
-6727
6990
6343
-797
-7725
-5474
1449
-4191
-2505
1252
-1008
6512
-690
2673
8048
1336
-5897
-7760
3560
2709
3769
-900
-2185
-6540
-513
7028
5995
-6728
2504
7025
1734
-7284
-3031
-3382
8181
-1187
-1876
-2259
6189
-6468
2944
4680
2160
4546
1578
-3396
-8144
-799
-6314
2092
-6866
2380
518
-2944
-2010
3468
-1696
4560
5012
2571
-3824
-1097
-7753
2502
-4350
-3048
6343
-5740
2578
